5.084526337056243683e+00
3.639771571180837828e+00
4.212774794975777226e+00
7.105546840004368647e+00
1.713778103275777509e+00
2.492985513461514646e+00
5.955990792342830353e+00
5.289910055555876234e+00
2.846152334371196080e+00
4.703959941492476204e+00
4.037272823451611536e+00
2.574786719796832823e+00
4.977210792290044594e+00
4.592918647445271674e+00
3.468569204320932187e+00
6.819789763449910502e+00
2.709776357766052968e+00
4.946713685861366727e+00
3.489025625916536644e+00
3.741689720637753958e+00
3.454374177048440853e+00
8.469206167440939126e+00
4.444658364141704787e+00
2.927301523752698031e+00
3.175490006025398326e+00
6.539713105100005031e+00
2.422791882828122301e+00
1.954946319404206267e+00
6.277555491728509018e+00
5.208615809209246272e+00
4.949979951515280696e+00
1.374715159799703557e+01
9.452542957192504147e+00
1.016963532616384924e+01
4.116136087228221996e+00
5.152953817628634248e+00
6.345250665664159406e+00
1.660749087190992013e+00
5.215507806463355323e+00
4.272303268592268388e+00
4.278929205720682027e+00
3.794146552975767861e+00
4.134406806495897868e+00
3.078222138623387227e+00
3.592573274798498861e+00
3.609826469318923259e+00
6.854734802732028953e+00
2.375670382365183020e+00
3.783406929925741125e+00
3.676114395864589657e+00
9.430561328538177079e+00
5.555327900396072494e+00
3.952660568198034685e+00
5.915713616905871497e+00
2.213750189622373910e+00
2.843750679298778117e+00
3.656373053008327378e+00
3.109563000897255680e+00
3.060617385197002882e+00
5.739039297412057650e+00
3.937372268742703074e+00
2.803097448635749611e+00
4.442766796151100372e+00
5.040516350728667661e+00
4.264850707104958616e+00
5.828663251882224117e+00
3.133876965406973802e+00
4.345247305737133026e+00
1.692836386493813405e+00
2.576865710223909200e+00
2.843102545217100374e+00
3.275008975590979698e+00
2.996388045019105828e+00
2.718346177643803152e+00
1.932276939853779352e+00
6.551184420718445089e+00
7.901734525928258535e+00
7.898290706401561501e+00
3.046665767179689066e+00
4.625736327639631718e+00
4.106854757315887561e+00
1.840894324156553630e+00
6.043305782312075713e+00
5.832657612266223701e+00
5.935072267512031097e+00
6.717351212141641881e+00
6.111250312717635857e+00
7.476076339168174378e+00
4.277226160607004779e+00
5.183765457583293212e+00
4.012857560983658978e+00
9.603854513139577165e+00
5.034054686266125955e+00
4.169328978164334565e+00
3.297253506229157249e+00
2.725707290149289808e+00
2.347885296194431870e+00
5.827881386533594110e+00
6.898127249202414824e+00
5.349339707754108275e+00
3.172797711699960388e+00
4.217193645947244107e+00
3.879742179056338003e+00
5.571113783062043190e+00
4.341576665623308351e+00
2.176793675023148467e+00
6.278606655526045799e+00
5.843824792193573536e+00
4.099319692662645842e+00
5.470236358764466900e+00
3.898319456889811185e+00
3.365216332295814183e+00
2.516157521634595717e+00
7.073496982108314235e+00
2.480832219993778676e+00
1.085379574701828709e+01
1.062677478647479568e+01
5.783481167732382744e+00
4.250465102251498983e+00
4.646133859658709397e+00
3.700347932124555594e+00
7.156685115516658868e+00
1.133019889198088848e+01
4.202235669541727781e+00
5.042527225689602766e+00
3.349709364921069632e+00
4.096782021696341758e+00
5.274542878649107536e+00
5.897508583571041463e+00
3.783075649791987960e+00
3.017194538412133031e+00
4.326486887420964322e+00
7.529903470758456230e+00
6.522438074537580732e+00
9.898865655748279480e+00
2.629116487767870769e+00
3.496571282084304233e+00
6.084974239656619766e+00
1.016605500492602054e+01
3.052762747488553696e+00
4.272845421664078991e+00
1.015948056753917328e+01
4.748926073855721519e+00
2.178831736679905617e+01
4.572889189207550942e+00
5.234562361600241687e+00
2.167229054703403879e+00
3.986839165151796927e+00
4.055910250705206721e+00
3.386544839831136411e+00
8.591054682890307603e+00
7.626283308757890289e+00
4.028177598889079114e+00
6.054094397765696023e+00
4.633527927322399265e+00
2.375427391264782528e+00
3.429376248490109358e+00
3.412513748493271493e+00
1.112870417739091700e+01
3.765159983909651231e+00
3.828739533316227295e+00
2.837227561785405250e+00
2.705071161249883449e+00
5.312021611640584950e+00
4.039776755925004181e+00
5.408838707508737187e+00
7.076174775153485363e+00
2.382135397817270572e+00
4.942968805675945987e+00
2.486269654555234521e+00
7.120807447230932397e+00
3.640383849564861496e+00
4.660573281267612167e+00
6.135812953561645244e+00
6.208658111982708228e+00
1.051113982141616887e+01
3.464633095928741024e+00
8.201805370591667810e+00
6.351120420331865191e+00
1.228507569822826362e+01
3.993142109129538042e+00
4.697286781670672262e+00
3.341792359027820680e+00
5.371076315920631394e+00
6.082130181484012077e+00
3.667348099966313502e+00
5.865261685167317829e+00
8.863979530994773981e+00
1.006302148626109272e+01
1.090808996449448109e+01
3.987786927930862202e+00
7.756159533468287570e+00
3.874249583393574170e+00
5.688027500042365681e+00
5.053172303234735097e+00
3.034060726358290161e+00
4.613844915269218028e+00
4.577833043385963308e+00
6.805578973854829350e+00
3.930582946757588125e+00
5.294054289503969279e+00
4.601258474440450108e+00
4.939660916620010056e+00
5.081463636508982695e+00
5.475736266392899232e+00
6.085894109927444617e+00
6.569588043466275451e+00
4.902005134339791681e+00
2.674449760471268700e+00
1.968282399227166746e+00
8.065487152661900083e+00
6.491555041705960427e+00
3.549905971547373085e+00
4.407091571665398000e+00
2.366484796218314646e+00
4.401807891277670137e+00
4.038752211502997902e+00
4.031401568621830300e+00
8.538660250221544956e+00
4.548508758241691652e+00
5.444500046202604970e+00
6.253977303705593016e+00
7.719643064933481291e+00
8.852956661290081186e+00
4.980854700152957726e+00
6.701561938253686179e+00
1.057338489719089125e+01
2.448446684711178545e+00
1.690848709958574059e+00
6.137965327202540067e+00
3.927488282749938886e+00
3.751942974596258029e+00
3.024620260071409827e+00
2.628771676298782278e+00
5.531754475885237277e+00
4.281439189258010813e+00
8.640780594777233148e+00
1.061111563814011127e+01
7.877595791225180832e+00
4.286838103123944421e+00
2.469202673678942972e+00
5.244994351830858825e+00
3.561474280390558356e+00
5.538302094146930088e+00
4.170176854298033753e+00
3.110447144026680988e+00
6.802538087927697319e+00
4.111136230260232338e+00
4.470645431918282675e+00
3.051967639218136963e+00
9.345369504426047413e+00
4.725910627432828193e+00
5.739008812867240295e+00
3.848055438532264283e+00
1.378272725651118025e+00
1.490411487227675913e+01
8.595714753683562748e+00
2.367902007035990408e+00
7.278729247191850327e+00
4.593889968486696951e+00
3.299909155319033616e+00
3.501275394152339349e+00
9.954076540946116936e+00
3.783180538847097374e+00
5.486929250358854482e+00
1.684160702710428836e+00
5.142584398238851051e+00
6.983102942435173155e+00
2.284603758728599665e+00
3.807451331979083253e+00
3.700411513880764502e+00
2.723010980203852238e+00
9.689522528017466385e+00
6.327287056046058566e+00
2.335992726983848300e+00
2.120107956234519975e+00
4.189425022113093533e+00
2.420169955097720482e+00
4.578106190182421820e+00
5.421785125011452600e+00
5.162192184999501166e+00
1.325537099474255065e+01
6.051597559449507280e+00
8.222191873019523811e+00
4.146412650720396442e+00
6.204402517802199313e+00
4.303518746158539798e+00
3.687455837297524130e+00
3.804197621622921410e+00
4.890128174620428148e+00
7.848237856471864227e+00
5.828905965190854133e+00
3.985049301165759505e+00
5.489797702314993977e+00
6.292493066911329258e+00
3.387113815546528350e+00
7.407470718715832625e+00
1.881757696155964554e+00
4.265593725398208136e+00
4.357716995915473568e+00
7.438087613262321263e+00
3.871043325473972452e+00
2.027318841605087130e+00
4.730104395142372908e+00
7.811984371465538146e+00
9.631988812414173040e+00
6.910412730511078294e+00
2.980815731417383319e+00
4.593039716863549060e+00
5.094370183266971885e+00
7.119420720848665951e+00
4.797907259411371861e+00
5.623165115744761522e+00
5.699475325773687651e+00
2.199816411247626835e+00
3.009071017778453427e+00
6.830190923063284458e+00
3.307332302618524178e+00
3.683485486205844150e+00
5.487646059807104848e+00
3.826477383302548940e+00
1.065902945589013839e+01
8.296901195092642567e+00
1.647623080413408658e+01
5.054253948367215976e+00
7.803100338864872754e+00
8.813075062207012422e+00
4.322187154203148474e+00
3.652166132151041911e+00
3.158378220869625164e+00
4.038850181396192340e+00
5.616915828715892900e+00
1.985602692326465135e+00
4.848265828483809159e+00
5.303901799609673340e+00
9.358957794084002302e+00
2.339797563899256083e+00
2.536093113985786296e+00
2.403752965728756852e+00
1.842078371100961842e+00
6.336174729392216598e+00
3.714422754251757386e+00
3.298582102558787366e+00
7.354680297092468955e+00
4.532854830746281927e+00
7.880942015059590133e+00
3.020553082247470655e+00
4.834099705563062344e+00
8.232840589180751678e+00
3.469621990529955902e+00
4.260797329670134914e+00
6.187114963532596157e+00
4.062281341169332372e+00
4.544381688955280829e+00
6.695251117456809453e+00
3.744813117837484828e+00
6.052506370192210383e+00
4.674679610043918743e+00
6.047535378017743213e+00
4.064945145198388232e+00
1.548070503537042564e+00
4.631063837528421878e+00
9.636857602445800808e+00
5.047378303838996771e+00
5.790183928741221564e+00
6.109653720405668231e+00
6.932948795254533891e+00
1.056727880208143233e+01
4.206651109262580235e+00
4.090202568700669339e+00
7.007020531430775634e+00
4.965538800511757778e+00
5.369322327407256346e+00
3.820198646731814307e+00
5.676703714180269422e+00
5.351561056338004718e+00
4.047428641085294210e+00
1.445372655866103528e+01
3.141500592259701907e+00
2.684061165483265565e+00
4.980428169145738160e+00
3.530696570309445725e+00
3.932296871539066707e+00
2.588068482142439120e+00
1.066079706934681859e+01
3.060249129442113691e+00
9.460195322243954763e+00
7.422411803827620780e+00
1.104548797255454629e+00
1.703321485869309981e+00
4.387638230042088416e+00
2.269944234366406022e+00
3.653393689182582449e+00
3.262873445899780123e+00
3.775078258333504078e+00
4.750375263257860858e+00
7.969549590261432392e+00
6.757827518154441826e+00
1.733383871527295339e+00
3.015267628663084842e+00
3.398798553259997579e+00
3.483548620310897181e+00
3.286128378546296247e+00
7.506069674996083130e+00
5.080775656608287782e+00
5.225398547973494345e+00
9.650498338282355704e+00
8.286258234135550182e+00
5.912023796932332154e+00
4.988517073110868338e+00
6.109570690025845963e+00
1.723400729409236387e+00
3.171246047025683357e+00
3.909518515583083609e+00
5.682806942890124446e+00
6.377982213596346206e+00
4.350499965997445706e+00
3.676715248029345240e+00
4.657360629519422091e+00
8.347373737153496620e+00
6.384362346338807725e+00
5.102959160076300904e+00
1.689267334276840282e+00
6.106920522851243760e+00
6.046926843970527266e+00
7.434297075292456647e+00
4.658925674110556692e+00
6.775639182540835748e+00
6.256437802215198296e+00
7.363832760151987955e+00
5.008358337150817796e+00
2.540936096866299287e+00
6.562604697147072841e+00
4.924002180275305562e+00
5.095006443853870692e+00
3.085038579795469360e+00
2.330833342316866563e+00
5.349511501522542289e+00
5.444750970950010149e+00
1.214170483137555223e+01
2.864664008914069804e+00
3.814937452225768411e+00
1.980595721309381885e+00
6.828744253154146016e+00
4.480421383244899580e+00
1.908800494550658922e+00
3.210951350354176892e+00
5.886920550303326394e+00
5.642722139691623617e+00
4.244465745889287156e+00
4.932591531151481412e+00
1.728203121674362297e+00
5.382725241244272318e+00
4.401633930476862133e+00
6.581713890268542144e+00
7.592476265495375465e+00
3.638435528482546921e+00
8.270459352576375878e+00
9.142857361819656248e+00
6.993381550314447637e+00
6.022698759606797125e+00
7.744374138009393782e+00
3.753221920428699399e+00
9.592240078360088518e+00
2.286418491665807462e+00
4.355637610798248183e+00
7.689302091500309189e+00
4.526964824077264637e+00
3.448537578722978392e+00
1.090282547772361355e+01
5.353020611432681264e+00
6.237077334054260902e+00
5.232499626792685099e+00
2.068935463308459788e+00
3.150549879522030139e+00
4.283708380211717071e+00
2.680791617097068702e+00
8.332213569821721677e+00
2.721622719749070551e+00
1.882844934401368020e+00
5.835194988764217605e+00
5.384486227715368223e+00
3.187377598063372730e+00
4.800463978725944436e+00
3.510367569119646092e+00
4.069791300812746648e+00
4.793456018677662911e+00
5.667515039760757212e+00
5.136884603536740812e+00
8.036680458360141444e+00
7.690088930328727201e+00
5.707393709102803747e+00
7.072761178610973865e+00
5.662610334531416711e+00
3.909610408075133492e+00
9.588737542717669982e+00
9.261520247789961857e+00
1.246120446756011191e+01
8.406121078928153523e+00
2.592875655211395625e+00
2.546444364908786007e+00
6.247304797603911553e+00
3.090588195614109690e+00
2.603708776388685475e+00
4.400237070147706042e+00
4.067966931113877749e+00
6.110610637596457728e+00
5.287710153638388810e+00
6.457542746527500377e+00
8.599154658002293061e+00
2.093772275757874723e+00
4.878881591211650992e+00
2.615147071661406919e+00
3.035712242515960391e+00
2.360983340842232714e+00
4.078728724569668174e+00
4.565766323962961337e+00
5.145922248692863299e+00
6.389979108561538723e+00
3.018722052087477792e+00
2.385920246322301708e+00
7.074591989234815692e+00
4.720753236805173003e+00
5.867933621942418299e+00
1.675204867346229864e+00
6.219688829839691735e+00
3.567630260653849916e+00
6.166369768049405842e+00
3.248508694387494788e+00
6.864545393613870949e+00
1.095465106196044225e+01
6.107347540838801159e+00
8.771135986330248713e+00
4.675360914060440187e+00
4.579240594199089465e+00
4.285308558693662562e+00
6.936576067909454579e+00
2.901578931891676927e+00
6.022923601141135563e+00
8.044120178883346739e+00
5.739245490688587914e+00
2.539886943614001780e+01
5.951831193277373089e+00
4.675057476947927171e+00
3.231963631443796725e+00
1.200226112913217769e+01
3.688662084955729448e+00
3.474919474573010092e+00
5.148336610786208745e+00
3.906496733576374503e+00
5.855208260151466781e+00
6.539149246891095224e+00
5.716489498987195716e+00
1.396862481328139616e+01
7.322095363226082121e+00
8.916173366584500215e+00
