5.050850317840649417e+00
5.757160376407106206e+00
3.428484212151046595e+00
7.593771686268923737e+00
1.807351453464200119e+00
2.226679474392642799e+00
4.879484368865306010e+00
6.992949774123530027e+00
2.542120260915379681e+00
6.136259678571637011e+00
3.582119306457970165e+00
3.358778587854669428e+00
5.915917503309655601e+00
5.991407633955354584e+00
3.036898703589450133e+00
5.476875787017357666e+00
2.161769330918061449e+00
6.495953278104938278e+00
3.679528594816782849e+00
4.784646730409347626e+00
2.830018612988750348e+00
6.984713894843921800e+00
4.415220341687827954e+00
2.335303663810556873e+00
4.516155667436937193e+00
6.496399040112915912e+00
3.160503134610430198e+00
1.903666314575693352e+00
7.511257287152012019e+00
3.836773766786833129e+00
4.788212604174915121e+00
1.374715159799703557e+01
1.023718836305672397e+01
1.016963532616384924e+01
3.981619094706053907e+00
4.138263637779983739e+00
8.168021890572433108e+00
1.473519781435846943e+00
4.216426240250538804e+00
5.044430531166343989e+00
5.544842488930683544e+00
4.509726218074012749e+00
4.079821865415153681e+00
3.037581586801973987e+00
2.885144302729365062e+00
4.290643190526505890e+00
4.693409984376473609e+00
2.823724086369682862e+00
4.870248986663519908e+00
5.662121771198111553e+00
1.106118390334190060e+01
5.445674629742308426e+00
5.088123345819734133e+00
7.665866537710299689e+00
2.141403937848199046e+00
3.039145878215588681e+00
3.244161362767705281e+00
3.976321276235865732e+00
3.566047364585411383e+00
5.625759858168364325e+00
5.034873749187626757e+00
3.632388638968122141e+00
5.795536333557550712e+00
4.129475951509298248e+00
3.834668155461875561e+00
5.790058638067742791e+00
2.308478369234232996e+00
3.804472430052651788e+00
1.512003986768844399e+00
3.062865045299396627e+00
2.268132522926097128e+00
2.630112948174681442e+00
2.438551692361521805e+00
3.522563861367513649e+00
1.562130380196897095e+00
9.441695368858662007e+00
8.500969663743783045e+00
9.325737495345821415e+00
4.390914408311843431e+00
5.425564653670788218e+00
4.881411488537124477e+00
1.967382878611015906e+00
7.088243670076965763e+00
6.886785484882086195e+00
4.830142259540724403e+00
5.999789403346341032e+00
7.866801323257174516e+00
6.124824384267633093e+00
4.220755631969396404e+00
6.161428575834748678e+00
3.907596688569478616e+00
5.991552477713820934e+00
5.488276292193469352e+00
4.033073620447077623e+00
3.893161419062407536e+00
3.555652673101872274e+00
3.713736406599309259e+00
4.806363582753970576e+00
8.144815926237578552e+00
5.832009409244617970e+00
2.368417474221427899e+00
4.567258346516993583e+00
3.828519474527230848e+00
5.497560566884870603e+00
4.609156987167742692e+00
1.736573497261180821e+00
5.645302650924469035e+00
6.992287302444432306e+00
4.808126199436014936e+00
5.963814537495595758e+00
4.221914754609377596e+00
3.045951225238240134e+00
2.466492604158233792e+00
9.288814519409729797e+00
2.890516548352530357e+00
9.759006299479892732e+00
1.055639114635064857e+01
6.305323354116424639e+00
4.572802942502914192e+00
3.781164994715053407e+00
4.311422935523998134e+00
4.867699298214361647e+00
1.243487929673981185e+01
3.679258883204864272e+00
6.033514067622277821e+00
4.369655942345750610e+00
3.989319734998884037e+00
6.835006623647669421e+00
4.831572437247559471e+00
2.805271477428435745e+00
4.319639151066995808e+00
5.142466448232729803e+00
8.209324943134763686e+00
5.379177569513261759e+00
1.184424843225163748e+01
2.139654932651101849e+00
3.123060066946546254e+00
5.363208602035281380e+00
7.538454628803326507e+00
3.652709476361132523e+00
3.189576733492434091e+00
1.115001738092492545e+01
4.748926073855721519e+00
2.624410540459136243e+01
5.886522214595554026e+00
4.613667828314220287e+00
2.331582817413552444e+00
5.200784172985353671e+00
5.730077375055691924e+00
2.756073154195133323e+00
8.591054682890307603e+00
7.626283308757890289e+00
3.974995160104229264e+00
7.100897726971099111e+00
6.004348585789919035e+00
2.538643917596504984e+00
2.790930656795702181e+00
3.622834006874690260e+00
7.469377773686335154e+00
3.642113032432058528e+00
3.397095614154082011e+00
2.517364585036195201e+00
2.634114705395565803e+00
3.965296861523070593e+00
3.287693148188636449e+00
5.302076898781888481e+00
6.404843284376418033e+00
3.433180217371908594e+00
5.388971753376979201e+00
3.489268393474519225e+00
6.276177063418586499e+00
4.748837343100488440e+00
5.576496307735273383e+00
5.060320547829457283e+00
6.768863917051216816e+00
1.051113982141616887e+01
3.115166066935029399e+00
6.122451200793553205e+00
6.832763344157310570e+00
1.228507569822826362e+01
3.271407761275444859e+00
3.772323947152677714e+00
3.972057590934974680e+00
4.797326467994957433e+00
8.765685207349944719e+00
3.253899106367572625e+00
5.826414671282335256e+00
7.310290925702991771e+00
1.006302148626109272e+01
1.090808996449448109e+01
5.236704449039844000e+00
9.157919158701538720e+00
4.635639693484873369e+00
4.162167481224171794e+00
3.772072054609656444e+00
2.485674072479531649e+00
6.693898982589737479e+00
4.517393720734379947e+00
8.996574884673913530e+00
3.534116969961707877e+00
6.334472696101307143e+00
1.405157853973639170e+01
4.411995783411166272e+00
6.672904975579507791e+00
5.813217182589867527e+00
5.887004628353697200e+00
4.807242180061682468e+00
5.787937514966180252e+00
1.957006681686820349e+00
2.324007263625374797e+00
8.734994550729592078e+00
7.077286572206371140e+00
4.219421629622785552e+00
4.377902362953733473e+00
3.087051211235424031e+00
3.535029069084538733e+00
3.959033714720863628e+00
4.337126528962614636e+00
9.371169083582771009e+00
2.837676152117898365e+00
7.899037351553205077e+00
6.089929839512729259e+00
8.360442317922084143e+00
8.794321437696563493e+00
5.323091135293644527e+00
7.257851373887952207e+00
1.057338489719089125e+01
3.847147591783033338e+00
1.996433380280304926e+00
5.555643727696900847e+00
5.157521135287958636e+00
4.894364892063776118e+00
2.477939908796663815e+00
3.383926928768191900e+00
6.575048655482773619e+00
5.622324375869883539e+00
8.640780594777233148e+00
1.061111563814011127e+01
1.135334542934367974e+01
5.061592225565719971e+00
2.022910422438294109e+00
5.642753211350602704e+00
3.139032105022673047e+00
4.507238629169354027e+00
3.349009490481906770e+00
2.988868503113930597e+00
7.416329547744408224e+00
4.854136004381108371e+00
3.614249543761830719e+00
3.218606970250794674e+00
7.555172509658098612e+00
5.050629757640827222e+00
7.536383845616987820e+00
3.797251081530504724e+00
1.015264099130939623e+00
1.013720016086670306e+01
9.371304134975616762e+00
2.290518011506295082e+00
8.537282138464433956e+00
6.576953096969474721e+00
4.304692162473842565e+00
3.409433783292761255e+00
9.954076540946116936e+00
3.078867345252653820e+00
5.863938261774968019e+00
2.182416528436887937e+00
8.134214620579859556e+00
6.799929855250246291e+00
2.013616828679754445e+00
4.901200514454245649e+00
4.827142715748632185e+00
2.651583946721161045e+00
9.689522528017466385e+00
6.944189732930738046e+00
1.732213250572555152e+00
1.713980527026170764e+00
3.364467419231519596e+00
2.569330019436756096e+00
4.958129852169788521e+00
5.910991559974184462e+00
4.641497520936454180e+00
1.316757754089110932e+01
7.894236889102966614e+00
7.442135344886417592e+00
4.928430038434248317e+00
5.615777883164511763e+00
3.525685848943250988e+00
6.401254103434863119e+00
5.482684162074201950e+00
4.396875781865997368e+00
7.848237856471864227e+00
6.354846820686854691e+00
4.768214417615516787e+00
7.113944188357591791e+00
4.666084677289796367e+00
4.447909155587749019e+00
5.004904248115794374e+00
1.680744318483003319e+00
3.759632836528552957e+00
4.243410149546443577e+00
8.782362555033193630e+00
3.129507089309318424e+00
1.810756311368836302e+00
4.224824537296912652e+00
8.460448776812613758e+00
1.050108096562120252e+01
6.254807431367205517e+00
2.644764931039548461e+00
3.688604617831162003e+00
4.550178675642579940e+00
8.406103450680562972e+00
5.702797152810267001e+00
5.022486603608128597e+00
4.669332396987598166e+00
1.964827322063294801e+00
3.237266622188910148e+00
7.348164588928420393e+00
4.257414572030596922e+00
3.610779385286158938e+00
5.943169646352689739e+00
6.052479816809049673e+00
1.162079125206013153e+01
7.460017943613411973e+00
1.647623080413408658e+01
3.772879476785746089e+00
1.017905138920745323e+01
8.754703983866765071e+00
4.649964100709605752e+00
3.955328507611575173e+00
2.536448454295648247e+00
4.705825404698908088e+00
5.469579061481442572e+00
1.615943840711532964e+00
5.724485981181938854e+00
4.345256201279615205e+00
9.358957794084002302e+00
2.744368044409168039e+00
2.036700169857402098e+00
2.340700357856286384e+00
1.968648281874708195e+00
6.252520715535194284e+00
3.641106001236075418e+00
3.501880518692291222e+00
7.354680297092468955e+00
7.169782969405326334e+00
1.014486429128343126e+01
2.697891148278308560e+00
5.745815528887094459e+00
8.232840589180751678e+00
4.496103232532562721e+00
6.140744609167952284e+00
8.124830398865750425e+00
3.982098417071689767e+00
5.401456417529157505e+00
7.155284387397356838e+00
4.028804385501227436e+00
5.972597517708537751e+00
5.593374894464710145e+00
7.784783289800865091e+00
5.742841623108860816e+00
1.251522447110982261e+00
6.041167579777600771e+00
9.636857602445800808e+00
4.135097651426092646e+00
6.312630903721996312e+00
5.530018102210719100e+00
8.295452302798937083e+00
1.056727880208143233e+01
3.782338974481388227e+00
3.284783283580385405e+00
9.899324031324688633e+00
4.803262983691822363e+00
6.957826396839757344e+00
3.067946988925624119e+00
4.558879701672458928e+00
4.716788791744935594e+00
4.715820510168308388e+00
1.445372655866103528e+01
3.733990605580885802e+00
3.817249628008335893e+00
5.287382226062673496e+00
4.636459964410050816e+00
5.629767422573202396e+00
3.331531113629747409e+00
1.066079706934681859e+01
3.992058515154265130e+00
9.460195322243954763e+00
7.373251416809845971e+00
9.800243244871994497e-01
1.997839953036444349e+00
3.918941339666955681e+00
1.810885911187519071e+00
3.284886951830423119e+00
4.200184222270960888e+00
3.676054551445044005e+00
3.840394388100746514e+00
9.535771928108889739e+00
8.874281918699542970e+00
1.864836594943087844e+00
2.916727462725486220e+00
4.769925235562804566e+00
5.510056797227815828e+00
3.242742922706565167e+00
8.981206238395348151e+00
3.792677296549900934e+00
3.823642539113830452e+00
1.139461910779619203e+01
5.635991068500812773e+00
7.073889173108177886e+00
6.550848885104678665e+00
5.038678058660245540e+00
2.418646619203624226e+00
2.320533290634176460e+00
3.781753868889854431e+00
6.195565316933372202e+00
6.907411644940443907e+00
6.228497944228756467e+00
3.604142780762338738e+00
5.077593216641393070e+00
8.347373737153496620e+00
5.702371119653653508e+00
6.656749403660728426e+00
1.479034574570556204e+00
7.258691568462565691e+00
5.927570197930220885e+00
8.895328469054710752e+00
5.574524903216251381e+00
8.897671940238490507e+00
8.215864153755362054e+00
5.913788949898592939e+00
3.640552141783132800e+00
2.441618042902125030e+00
6.348136120728712584e+00
5.891695789432429997e+00
6.602354667024308732e+00
3.024144861830865061e+00
2.980528842072089901e+00
3.914461175144807292e+00
7.149968679064354404e+00
1.214170483137555223e+01
2.096194398224447308e+00
5.461746986383825941e+00
2.338545954805899996e+00
9.711783693805411843e+00
4.788272853411806196e+00
1.682389247472145799e+00
2.867950666580300734e+00
7.090816644062525320e+00
7.263681198415611995e+00
4.536104613793884965e+00
3.609383405577334170e+00
1.256222728589165394e+00
4.409832820815472232e+00
5.703849179322051377e+00
5.878641149998866666e+00
5.705389767252456501e+00
5.755047108600771288e+00
9.961797569744591740e+00
9.142857361819656248e+00
5.691426530418025820e+00
5.415207408064507177e+00
7.693081318384557221e+00
4.402185240690346113e+00
7.208118468123235978e+00
3.002491884361001340e+00
3.890359094943369733e+00
8.272427224771487175e+00
4.437609792656127539e+00
3.039491323745143969e+00
1.090282547772361355e+01
6.405027423314341384e+00
6.710071697959321568e+00
4.258367283705730699e+00
2.698901652856887434e+00
4.109854767365621164e+00
5.514269753240006011e+00
2.884091858183964963e+00
8.222206643056241049e+00
3.573995818405715674e+00
1.681715415616036102e+00
6.935718339020141343e+00
4.841369437984178958e+00
3.166266843172115486e+00
4.259269920591817638e+00
3.801759398649354527e+00
3.659283799689247108e+00
4.281408805048878108e+00
7.393205819934784984e+00
5.002139488206331919e+00
8.036680458360141444e+00
6.216977130302769439e+00
5.632041242856254293e+00
6.979382304619648814e+00
5.662610334531416711e+00
3.807057801584742940e+00
1.045392714372685994e+01
7.638150244919986065e+00
1.367615651970377222e+01
8.406121078928153523e+00
2.808107469555148228e+00
2.703386981482270635e+00
9.816143335819294435e+00
2.723999896012979427e+00
2.764180716711804653e+00
5.126891679908968769e+00
4.771352284364905216e+00
7.865977891580801185e+00
4.246484527197203818e+00
4.756759092113330034e+00
8.485623413419931538e+00
2.267574056351658651e+00
6.406877146842285597e+00
3.047012138141254489e+00
2.711430974657807358e+00
1.908713874185918202e+00
4.783974881514456712e+00
4.051031578257516585e+00
6.712794240696704939e+00
5.783748434886312850e+00
3.564291373367967530e+00
1.769236101528925076e+00
9.167596930866007909e+00
3.500589370428181191e+00
7.603950919700062094e+00
1.802245533703662250e+00
5.061771871363518471e+00
3.863775404507884481e+00
6.125528444190805999e+00
4.209573977110649068e+00
8.213605865962751551e+00
1.095465106196044225e+01
5.527930714719489380e+00
6.591097259139514719e+00
5.594190092317695928e+00
4.548911201838746088e+00
5.627405576170915857e+00
8.988749254748663375e+00
2.844306413392941213e+00
5.826092021269376531e+00
6.503190228176855214e+00
5.701233111832597622e+00
2.539886943614001780e+01
5.834351582996325725e+00
4.613334538477685598e+00
2.867598953113849714e+00
1.086358152997810222e+01
3.968395088586812669e+00
2.593944131623020510e+00
7.982577154914017648e+00
2.858546951448270868e+00
5.299712414585325604e+00
8.587116757488862717e+00
6.794624880451206828e+00
1.533054848821199734e+01
7.982766357466823059e+00
8.916173366584500215e+00
