1.944273671751793486e+01
1.927184385478886597e+01
7.383170672374221866e+00
1.554624093087070591e+01
2.905113891061051223e+00
1.459405054305367155e+00
1.106261081684430714e+01
1.483163981682025323e+01
1.201760807479928062e+01
1.006872319434698504e+01
3.048188406541942452e+00
3.355434276639945868e+00
7.466387050317007557e+00
2.011426879236536536e+01
8.553885539810689664e+00
1.393369522836102448e+01
5.470705894285358362e+00
9.046684998983753445e+00
8.152941481835108917e+00
1.197392184364784029e+01
3.464414928211514866e+00
4.917667413119082731e+00
3.981976162446291045e+00
3.607954048057790519e+00
8.521574229500153308e+00
9.473238886680997339e+00
3.654875270210975469e+00
2.618756248755967242e+00
1.427461767466901676e+01
2.167709660718376341e+00
1.173486573023832769e+01
1.136057651035399907e+01
1.558042585197875951e+01
1.664485968659289128e+01
1.552920179216193475e+01
1.371626207365998340e+01
1.515035268851420547e+01
2.746168687491727045e+00
7.138873080853580078e+00
5.135011229618442030e+00
8.830930935035871343e+00
1.302879360561667177e+01
8.514604716098489234e+00
6.959628566260044558e+00
1.151373929286532949e+01
5.054245082185148341e+00
3.937267218508843758e+00
3.901809344993889095e+00
4.124023339233715113e+00
8.851589363177051695e+00
2.307746832295199724e+01
1.341459279353222556e+01
7.990519872941051815e+00
1.003533786595655286e+01
1.779238412596217067e+00
3.697243618428756040e+00
5.130198962928957940e+00
2.992675964105729225e+00
2.515942094998280254e+00
6.152779268969221782e+00
5.492640533537323400e+00
2.865666378933138247e+00
1.177095707815801084e+01
5.911903347874117642e+00
1.001682229211350617e+01
5.188243891881097802e+00
6.969676874107780584e+00
1.634218579712338482e+01
5.241036136529557687e+00
3.871670284417201735e+00
8.897520700793423387e+00
3.564017539114358701e+00
2.737651881657626962e+00
2.049797593442115318e+00
3.627352678203987324e+00
1.135349257168441106e+01
4.942287859521947269e+01
2.760965611310253465e+01
1.574674545003171389e+01
1.244816168609839657e+01
6.788119489185042710e+00
5.802108122982962968e+00
1.326127193506187574e+01
7.084372823199538871e+00
8.545676359583650239e+00
1.159450879175736659e+01
1.417323273912078463e+01
1.364647697862863396e+01
9.728451357740672378e+00
1.826170148732799348e+01
2.921887271232480998e+01
7.144894916201934620e+00
1.641630527574655574e+01
1.256640871052508501e+01
5.327825375184585432e+00
3.014525838537863045e+00
6.771781306939158362e+00
9.497937288204850503e+00
1.451639546451525220e+01
4.290065473856172318e+00
7.480542221502036071e+00
1.067919062486376092e+01
8.662452002025352371e+00
7.959225782246562630e+00
8.957307658751496149e+00
6.476171834119362813e+00
8.067231673688738169e+00
1.490739082976378960e+01
7.709057841228462493e+00
1.874726685465889275e+01
9.321991697177494984e+00
9.942214813780903881e+00
3.558263149039438300e+00
8.460549109403283197e+00
5.876853651901754461e+00
3.277398088076098759e+01
1.631681324431578517e+01
1.799236805703939268e+01
9.666680448028010630e+00
6.830030731633385699e+00
7.342444934958368918e+00
1.211469567236471079e+01
1.008845795058122974e+01
1.482538418173655259e+01
1.331403459875437356e+01
4.738516684992457151e+00
5.673778719949117644e+00
1.268621117192147985e+01
8.605005548791343273e+00
5.282895729687339781e+00
5.977039491589222209e+00
8.985950442887391532e+00
8.458312464588507495e+00
2.480307524343114522e+01
1.764822417883707573e+01
2.749823433305788711e+00
9.393645716450869543e+00
1.012274953620037721e+01
2.220966601166992049e+01
1.285170443936117657e+01
1.743146050365028898e+01
1.476011709583496234e+01
6.725269710932900935e+00
4.312368498493799329e+00
5.721649828272976634e+00
1.180423322629342486e+01
4.128118120132286961e+00
5.182482125827444719e+00
9.574257559718736488e+00
7.473082719039787492e+00
1.298330249519535151e+01
8.722461956257566484e+00
9.294103591654556240e+00
7.095834238562110485e+00
7.175317478958286088e+00
4.902637746391470763e+00
4.068397005391942933e+00
2.896097071918140919e+00
2.252958270679627617e+01
4.357240902483467515e+00
9.021516132554630474e+00
6.457309112683645047e+00
5.425736214547941749e+00
7.999247049172043766e+00
1.698155929567507272e+01
9.080601911106134239e+00
7.535359705566597732e+00
5.334167674021482952e+00
8.796495564770619779e+00
8.037120531576210425e+00
2.245523225968647196e+01
5.738673282542467113e+00
6.735935917577050347e+00
1.379282033838840960e+01
8.961241266222565116e+00
1.608342579863052535e+01
1.016132839303796587e+01
1.046688543294166251e+01
8.645253693648593085e+00
1.425302605054767824e+01
1.821990166959795232e+01
9.343444795164071337e+00
9.280059848851729853e+00
1.670171061960274983e+01
1.265623035748543046e+01
6.771550528530847046e+00
1.312493355358611247e+01
1.887828375137860704e+01
1.855002070237874179e+01
1.213739149127879280e+01
1.821949986581271475e+01
1.230475342492567137e+01
1.482249861157052528e+01
7.350289894461983664e+00
7.322288722359628466e+00
5.849191511934823673e+00
1.005719376342342564e+01
7.958925732854872592e+00
1.178199646438441661e+01
5.829919482918513474e+00
5.845576333325843699e+00
2.275282298305237916e+01
8.762870835204056519e+00
1.267932459548375945e+01
1.217074522397220449e+01
1.427016110681639738e+01
1.699786537923712970e+01
1.503238433290781195e+01
1.358353328572695418e+00
3.660355782931427271e+00
1.224279985192347908e+01
1.492260120435894244e+01
7.919758886821992583e+00
8.210035004470860542e+00
2.507720049173078447e+00
5.745587633177439812e+00
6.606164424239032051e+00
7.976455154765198508e+00
1.540811331592538203e+01
3.720438344623589355e+00
1.155279151838563223e+01
1.689815700038031920e+01
2.325538268488965699e+01
9.351836023829669386e+00
7.318797812828240268e+00
1.522377194096988440e+01
1.208749792549259539e+01
5.008586138332638882e+00
1.025214844342912990e+01
1.984385860214535668e+01
8.970839369536184549e+00
5.739153699094040384e+00
6.345360342456718428e+00
3.074197091354179179e+00
1.137320223361149374e+01
7.164777984365053420e+00
8.559618897268576276e+00
1.102312700977448046e+01
1.591005757074745475e+01
1.288203821102122681e+01
5.543369780472591657e+00
1.375523713625343980e+01
8.401012120226885926e+00
1.107018880540747396e+01
9.997610015771877912e+00
1.377113431037214752e+01
8.843282415310836697e+00
1.011874912788375092e+01
1.088514449093191772e+01
1.186449812969860318e+01
2.785948700560521019e+01
1.221322399765588251e+01
1.311141780848466531e+01
1.045892569461803845e+01
2.377158089364587390e+00
4.049487309692669612e+01
1.115137539717223802e+01
7.000449031311203107e+00
1.699274976385397196e+01
2.495986382814907856e+01
4.612548158648774432e+00
7.309162396250707516e+00
1.238832313836608279e+01
1.866571816759028835e+01
3.738515660116266126e+00
4.122264855922234794e+00
2.712678830041850020e+01
2.574988759565555174e+00
2.079101922711512618e+00
1.325932852628240965e+01
6.451295208237565859e+00
6.007861815398748639e+00
1.773668156862189349e+01
6.408652874045437819e+00
2.940991254467194338e+00
4.219795750442136395e+00
3.445830803515793850e+00
2.775197029860238640e+00
5.788474397168903884e+00
1.059453945407178566e+01
9.525961629605406600e+00
1.042968422958398200e+01
1.544500804005263106e+01
1.436617245975066837e+01
1.613359409885184093e+01
7.946260881114113772e+00
1.937532455891737371e+01
8.292344647795500734e+00
1.294473263611908465e+01
1.282515584668662889e+01
1.352167870375414260e+01
1.369278157160232468e+01
1.014907117840287398e+01
1.314317427049745390e+01
1.274221032418858357e+01
4.323715243447205481e+00
1.122660453501322486e+01
3.677663059564178827e+00
6.228833796240861531e+00
7.879889771803394005e+00
2.452590922063578915e+01
8.659473962477630238e+00
3.307179755269717081e+00
1.185624693875378632e+01
2.484754143817931293e+01
1.813075615888609349e+01
1.595747493475947998e+01
3.965138419650210189e+00
8.241463792426459989e+00
1.071227305492540793e+01
1.679965168939430953e+01
1.481546067426965507e+01
9.532687870027340082e+00
9.949590167685602893e+00
4.545210560386144572e+00
5.981295559104658821e+00
1.221804130852570047e+01
8.885194355997025895e+00
6.259449981615192726e+00
9.571923077475947395e+00
7.102967831891859873e+00
1.125213575682541212e+01
2.305533778324832639e+01
2.308604851691270099e+01
8.544929925021564898e+00
2.434798011659085404e+01
1.416871286783117156e+01
5.746728253626924854e+00
7.562722326303080500e+00
1.553432476181159316e+00
5.939315336663900879e+00
3.081636029899739526e+01
2.052274179156611922e+00
2.612998523439520326e+00
5.080918671269333942e+00
1.643091323033646844e+01
7.518566827968373723e+00
3.931683361071256488e+00
1.843753495696092815e+00
4.171533513283150363e+00
1.337857777007866922e+01
5.710007374363987864e+00
6.234285518761884859e+00
1.251524049000810734e+01
2.698092638979165514e+01
1.867897256235711367e+01
4.604851153761588378e+00
2.580195352238227002e+01
1.510929768961780084e+01
6.932735172833721649e+00
8.933407044860786073e+00
7.924153759357575488e+00
5.746808854476285866e+00
7.211056861251404548e+00
8.970306010894750770e+00
5.028812129136939646e+00
1.362911222496840402e+01
1.977976688474254630e+01
1.161265850914090692e+01
2.453460329164519749e+01
1.443599361008958359e+00
1.395807261392356757e+01
9.876898241596160588e+00
4.157122929495426611e+00
9.573876391478275849e+00
1.447868629853786793e+01
1.364786303366906317e+01
1.857703725765289704e+01
5.326310726568019405e+00
4.556189902220949328e+00
1.705303873771516976e+01
1.398213909323999715e+01
8.130077882823762536e+00
9.252362398436785540e+00
1.210486083834094195e+01
1.088622771121292132e+01
1.144176874884776574e+01
1.061642114410794768e+01
5.375865052353938189e+00
7.576886143808962970e+00
1.137035161737334477e+01
9.942017472878957207e+00
4.950649471579608552e+00
3.555147960424262177e+00
1.454147489619429123e+01
4.380856406743932396e+00
1.807431223171916557e+01
1.351466237883312971e+01
2.691024756983685595e+00
3.318001557795409617e+00
6.114491757443693665e+00
6.316972636903854799e+00
7.727128844440289690e+00
7.559046987887607649e+00
6.822268913364649912e+00
6.964215255475752819e+00
2.907980903469247380e+01
2.441590128067139176e+01
1.887271094664231041e+00
4.627923666624807808e+00
3.582941698021246513e+00
1.659198729989128296e+01
5.510310904671392507e+00
1.559443112116276531e+01
1.377251385267776840e+01
1.147923142455077894e+01
1.554442557638117783e+01
8.580318102318649665e+00
1.645443724744821168e+01
1.293007699430229529e+01
7.728079980610383259e+00
3.932377261264223378e+00
5.589631384553141125e+00
1.122911948196002463e+01
7.987444342246401874e+00
2.452287081453371087e+01
7.775251527204150470e+00
6.089114704961110291e+00
7.174204969423265688e+00
1.302757934271197193e+01
1.060965429916176817e+01
1.204292788227887634e+01
6.296835336341178646e+00
1.072217133818132240e+01
1.215178662849224622e+01
1.075028620922697797e+01
1.161970161736493168e+01
2.397688180524931312e+01
1.281049807158463594e+01
2.026485263785144042e+01
1.403981296905863729e+01
6.434588509788460975e+00
1.013269204386832456e+01
2.194119417575100428e+01
6.904467354703169413e+00
5.032332537170770337e+00
2.603538828839857988e+00
8.630046371652420945e+00
5.428447655738372291e+00
2.921207389298869472e+01
7.468660823808656701e+00
2.335654133815362599e+01
3.740357101120781902e+00
1.341062654171756918e+01
6.351392384057344742e+00
3.566926884300168688e+00
1.068356020121779792e+01
4.044966014141817112e+00
6.934621520183391397e+00
9.800314575266932948e+00
8.997271725897187267e+00
4.051355112454456453e+00
8.936599070275361711e+00
1.121211913495462831e+01
9.912231550863731755e+00
5.453536192318134468e+00
1.658818454112569185e+01
1.400940635817186397e+01
1.440192993859351667e+01
1.287893545647102833e+01
8.854288974366864906e+00
2.290505257015935570e+01
7.014275487465670977e+00
2.284315982394718247e+01
3.756468802451327083e+00
8.757148512041190713e+00
1.275737579773411134e+01
6.513463985270196765e+00
8.352192277463743153e+00
2.364432926438164273e+01
4.920905067979738590e+00
1.155353097181236954e+01
1.806500463987441663e+01
5.286884050527071999e+00
5.248272467286698273e+00
1.046935926942200012e+01
6.798416569087134320e+00
2.142984225892200101e+01
5.819726087902806988e+00
2.735332577600666504e+00
6.266006617288485181e+00
1.038432219098991105e+01
8.526123678771298842e+00
7.827284364832705954e+00
4.808670216722010338e+00
9.697494355135479083e+00
9.242905284187123982e+00
6.462808639276610201e+00
1.378287971404662571e+01
1.247912662800057504e+01
8.146519586368782484e+00
1.260019199949866220e+01
1.624600626348185628e+01
5.793936822070323345e+00
8.306208279531196226e+00
2.961845326553062918e+01
1.406080885107424017e+01
1.324154934507816428e+01
1.451786725820444701e+01
1.054136709049168630e+01
7.794024406525307924e+00
1.642631501558699725e+01
5.321391290534268848e+00
5.988310704017923314e+00
7.198356422554824441e+00
8.984610214312745313e+00
1.520188773747160482e+01
9.826641835953777715e+00
6.423111665815841143e+00
9.304166841951728273e+00
2.850369156006063331e+00
1.387022816231238131e+01
2.018242479432109437e+00
5.027627356586641838e+00
6.251679761787325873e+00
1.010382586285614259e+01
6.080439743415151810e+00
9.790079418352124918e+00
1.678075994464341036e+01
5.424653489912885540e+00
4.492181186584238262e+00
1.263375511077632041e+01
1.070646304303075702e+01
6.191062248029567172e+00
2.758466562632115870e+00
1.067919868167299491e+01
1.144410360992964648e+01
1.351924778285041207e+01
8.146603254260366356e+00
8.038534173571941110e+00
2.177551769047110142e+01
1.174528403384274355e+01
4.310885866528781918e+00
1.977883970613941145e+01
1.157997752711342088e+01
1.482081833229502621e+01
1.361522855581977964e+01
5.056579487473483070e+00
9.628106726518236513e+00
3.165265238291751437e+00
1.548521299307571653e+01
1.060717143168633214e+01
4.916022862755555778e+00
5.727385889320396828e+00
4.534983665923595808e+00
2.598499365828324414e+01
5.840579265481493643e+00
4.300787662974747683e+00
1.087033010347775708e+01
8.834464030433563764e+00
5.182651787602774895e+00
8.380651291887007304e+00
1.220376174593774010e+01
1.766105959775788037e+01
2.527639015497073061e+01
1.523844325401518951e+01
