1.955960215182893336e+01
2.125835226917239140e+01
7.715366357736573200e+00
1.598909326868855807e+01
3.152833937488054072e+00
1.556969284841635659e+00
1.231114371822114961e+01
1.353070227163348349e+01
1.237863165612698602e+01
1.021264230720659327e+01
3.555037466226666165e+00
3.355783463838919012e+00
8.628915107889081781e+00
2.156661259632505789e+01
8.018261646570953971e+00
1.403973598198745876e+01
5.735243155895652478e+00
9.819549510633480693e+00
1.174608759889528642e+01
1.215247539712732028e+01
3.186077102322215637e+00
4.926233256617992495e+00
3.713240896847355366e+00
3.901116092033065641e+00
8.410148236487630768e+00
8.607393272084497227e+00
4.258857824493870403e+00
1.876259328723524078e+00
8.800928128135552697e+00
2.145185422064218361e+00
9.590755101582953301e+00
1.096976319906163688e+01
1.663675955726546718e+01
1.516413269166499767e+01
1.570330136477933891e+01
1.399431793957846359e+01
1.781093331163017623e+01
2.710141103135963458e+00
9.619688433040062492e+00
6.264708954657917772e+00
8.811928090305217509e+00
1.230820325342158128e+01
8.158275672372651499e+00
7.094803935925702909e+00
6.409522171098634757e+00
5.088952049090367247e+00
4.050432433804875387e+00
4.224606805074239801e+00
4.080175738917806605e+00
1.179717584083241277e+01
2.285885531879086940e+01
9.243139370092634977e+00
8.101586472361734792e+00
1.016838001009868186e+01
1.917523353305685463e+00
4.022903563433516183e+00
5.199387014209442270e+00
3.275928915343603975e+00
2.713080284735403414e+00
5.729759196880238825e+00
5.588584690803388710e+00
2.806748233215432098e+00
1.176074447203023254e+01
6.255526639720048188e+00
1.154121188836952605e+01
5.730658633162003746e+00
7.608499170459448457e+00
1.633134953818253265e+01
5.110735319833566770e+00
4.137668027979112928e+00
9.005416997248147482e+00
3.155640187906161742e+00
2.706608817723143989e+00
2.156302781279067382e+00
3.614849866265051226e+00
1.145637015656607538e+01
4.708917467491544073e+01
1.895150681639795209e+01
1.691601611138463213e+01
1.243011491440869420e+01
6.866447977852430107e+00
6.694645052530405316e+00
1.323942282465904263e+01
7.903384885782316793e+00
9.694277221721149473e+00
1.249145614233803592e+01
1.550034610724271467e+01
1.210610102425711077e+01
7.599032306595149500e+00
1.879691531038018582e+01
7.120166376557875765e+00
7.268687278830864074e+00
1.756722216845248496e+01
1.203937380113232258e+01
5.551746330612533420e+00
3.524177578895745011e+00
6.934330425108512941e+00
9.076852402394036901e+00
1.552352607689788400e+01
6.609239343769313990e+00
7.626959614245106600e+00
4.996160208231248845e+00
9.936762880521271768e+00
8.451141857696701010e+00
1.044883422214929247e+01
6.107001559135580848e+00
8.355028139641580864e+00
1.588858765038569310e+01
6.280572541288080402e+00
1.851265399611237683e+01
2.243475296499908822e+01
1.020575072435411634e+01
3.804982383510815414e+00
9.569068887268556978e+00
6.158296464412432947e+00
3.023655663135042104e+01
1.485302817591284708e+01
1.806249070525220901e+01
1.031276369019800043e+01
8.029308478612788846e+00
7.909804572456460292e+00
1.018621072317756671e+01
1.251805201093139353e+01
1.494208593929362294e+01
1.319022195901828276e+01
3.995636267034626155e+00
6.099951309943442368e+00
1.357885630407702493e+01
8.736188412199387798e+00
5.191673801892745743e+00
4.541688150355913223e+00
7.043051667017105721e+00
6.134525034194227011e+00
2.513168986699415441e+01
1.818718496376074967e+01
2.584009070520787432e+00
1.028396084077841088e+01
9.767590390971124137e+00
2.250915167137262074e+01
1.163574720346345615e+01
1.840113508053097746e+01
1.725247067137844326e+01
7.542703234373876242e+00
2.500494372745838856e+00
5.423457304070425700e+00
1.253870912373806767e+01
4.065142068792366281e+00
6.291842969610931924e+00
9.583216153363485645e+00
6.005246304374486144e+00
1.297605084253205554e+01
8.235655066649171019e+00
1.073259879796027327e+01
6.337273645726158477e+00
7.310397003607641331e+00
4.889366277501015823e+00
4.082959452617745733e+00
3.201303901804012586e+00
2.280840273569015864e+01
4.710881188771648631e+00
9.805891800956171522e+00
7.035830543703701423e+00
5.109980546213896524e+00
8.548334013417010269e+00
1.679351718647529168e+01
8.976722484861250351e+00
6.818393552776532474e+00
5.413651098846298027e+00
1.232315017205996988e+01
8.645215864449754761e+00
2.374629283727973572e+01
5.762238789122209326e+00
8.732048187634166680e+00
1.474165860741464229e+01
9.045461634192200506e+00
1.649716429895180525e+01
1.022708413747429113e+01
1.136927811316663650e+01
9.149979833826790809e+00
1.450524678970915993e+01
1.922985428113796047e+01
7.159569543685400106e+00
1.005586085225082726e+01
1.753735462711666671e+01
1.244046558510934197e+01
6.197945028845619930e+00
1.235555626198220125e+01
1.983765944614638244e+01
1.930819368262319813e+01
1.316498335812790188e+01
6.189624380570077022e+00
1.118485020909805705e+01
1.441281938590555001e+01
6.943948283076639250e+00
7.581301619785018708e+00
5.590617681976945974e+00
1.136019552410603062e+01
7.687384733273385784e+00
1.252662267390260453e+01
5.668350857401317278e+00
5.882445230074945464e+00
1.496000861541245008e+01
9.386736854601522850e+00
1.250431331448812244e+01
1.227623279951542123e+01
1.460672640593673499e+01
1.709975333549503063e+01
1.736578236115528995e+01
1.499090023136113281e+00
3.817789668007347537e+00
1.206701355372713813e+01
1.474345368989253480e+01
7.505681292103184354e+00
8.448169350455867033e+00
2.629043425966958392e+00
8.747502982536689231e+00
7.092520548551066284e+00
7.782294034104856983e+00
1.681711233093043489e+01
2.577996498921371948e+00
1.175365017793860112e+01
1.862881630660132970e+01
2.178516333643952052e+01
1.109398974800113180e+01
7.315259872580941902e+00
1.092961257674137343e+01
1.048164442620212355e+01
2.793376124272848759e+00
1.867213786780086870e+00
2.086426613561015131e+01
7.751732824667110222e+00
5.738913831372491892e+00
6.435059268738481997e+00
3.060704118956651953e+00
1.030109351406706431e+01
7.610302519288078216e+00
7.879522321068729518e+00
1.770504614165486146e+01
9.527200494948194986e+00
1.298555805777225558e+01
5.110390147773868463e+00
1.266706924598983086e+01
8.359016397257452269e+00
8.012819681410153549e+00
1.157247534083947649e+01
1.481554312766110648e+01
7.316796415537661247e+00
1.029258425420194278e+01
1.194689830601287817e+01
1.257117050764975197e+01
2.559654397142547211e+01
1.270682080656604995e+01
1.091333107769693811e+01
1.105302980899368315e+01
2.514860803518977672e+00
3.764478336789716906e+01
1.198969133250287555e+01
6.833513862875657985e+00
1.678713181386494924e+01
1.370311173480858891e+01
6.923778814070499443e+00
6.375371427138825098e+00
1.260000340805978425e+01
1.669903944544961760e+01
3.294270960274591431e+00
3.522578863889425094e+00
2.724104835504339306e+01
2.473230972417358231e+00
1.372364910927831305e+00
1.752380750887627769e+01
6.332711606308885521e+00
5.550970785662308060e+00
1.787998130377227568e+01
6.344823759755828796e+00
3.564319162955222886e+00
4.215056327072667308e+00
3.524426828329179084e+00
2.282299249801688301e+00
5.750193497938671072e+00
1.072417779164651108e+01
8.003838961491554826e+00
1.152679589716389152e+01
1.527738497792531369e+01
1.387091654135610241e+01
1.709873169528824732e+01
6.807504408247482708e+00
1.825304299163801147e+01
8.870552326090964002e+00
1.305636555721359393e+01
1.403629858223977678e+01
1.416601611097374658e+01
1.294326044686018840e+01
5.966013846950956712e+00
1.431572807633046018e+01
1.272352499576538776e+01
6.566178638030961245e+00
1.169349502320090295e+01
3.663866969969258314e+00
5.698610647576047405e+00
7.732350729423465019e+00
2.313160695454736882e+01
9.551464909971821626e+00
3.117127461795144328e+00
1.053820463959283416e+01
2.377130928721963343e+01
1.394941220838031448e+01
1.590877028453978959e+01
3.961535447582116731e+00
9.569761666648220810e+00
1.254724450759979426e+01
1.405222015511739819e+01
1.420403850555009306e+01
9.659045519926101164e+00
8.606110576664644185e+00
4.216366527341336656e+00
5.717809273006433379e+00
2.008730940507522433e+01
9.745708139604266407e+00
5.202241201383440483e+00
9.331966490600404285e+00
7.494014048155464458e+00
1.028097084891239810e+01
2.344325316915350754e+01
2.457490516137555758e+01
9.844322125120955391e+00
2.315866178505416784e+01
1.533589613641324867e+01
5.357136272313225867e+00
8.180575943184825505e+00
1.577809303282540432e+00
5.866882886772226691e+00
3.137780716998661745e+01
2.640469694835549053e+00
2.645160372597088916e+00
4.452228963296842146e+00
1.669183625553825578e+01
7.616211713129318994e+00
2.736285227010112564e+00
1.955676262575839708e+00
3.682752177372234925e+00
1.180889980655669014e+01
6.708128734644887459e+00
5.893978924705391087e+00
1.308237038654565509e+01
2.509906314762801571e+01
1.859155279281343454e+01
4.713311532385062286e+00
2.657880962072770359e+01
1.943824721782310405e+01
7.081320017073992723e+00
9.107737467175343937e+00
7.662361491561727966e+00
6.224533279689781651e+00
6.879385031854450716e+00
7.395993244163998170e+00
9.399264496503663580e+00
1.347629665230943630e+01
2.155604023294287686e+01
1.250220458079008168e+01
7.755148073990058677e+00
8.746451553911774868e-01
1.396654949254745581e+01
1.506523565676987886e+01
3.873766613399526548e+00
9.712523667098825086e+00
1.539499379478316143e+01
1.281230868368568565e+01
1.785617777336649681e+01
4.922496549186957893e+00
4.623900408270256612e+00
1.727008920722390428e+01
1.414781710189899222e+01
8.024897896001805364e+00
1.073771868340219804e+01
1.136762257156231648e+01
1.097919613960580243e+01
1.235419873081508513e+01
1.077271529260281469e+01
5.984672896199520586e+00
7.630466872251434829e+00
1.296408381418059363e+01
7.796611495735781716e+00
6.128273865997628356e+00
4.101027751363072404e+00
1.274176623619330861e+01
4.317408437088397832e+00
1.849360564690620023e+01
1.324561341055915875e+01
2.813152383823913638e+00
3.346992520032411988e+00
6.160174448602542263e+00
6.307636150987072199e+00
8.204881059839602031e+00
8.205226757227285006e+00
6.483977476833753251e+00
7.469679655329896306e+00
2.049750120457760616e+01
2.455120435000730339e+01
1.905115533002604833e+00
5.212473876775036707e+00
3.279935449908334189e+00
1.761612270021326054e+01
5.473683779326185217e+00
1.628388623064390828e+01
8.593026228590462168e+00
1.157336312775825782e+01
1.457051905647154477e+01
8.529571988757693290e+00
1.703161237061758726e+01
9.341707624440315882e+00
7.355539046705696471e+00
4.197767066079284959e+00
5.169107658387443571e+00
1.242948888178716338e+01
1.667907180791084798e+01
2.444543369732582860e+01
8.397057684015326373e+00
6.379063178388170385e+00
6.762964657108217814e+00
1.622200450572762165e+01
1.137372102788460992e+01
1.217834237767742955e+01
5.898189854144885835e+00
1.408987663063121332e+01
1.236702014544265360e+01
1.133285622079936594e+01
1.256963067519971311e+01
2.314839601714385608e+01
1.629409469867712090e+01
2.197151619067588513e+01
1.497564614311818865e+01
7.378605628234675251e+00
1.068315255139186704e+01
1.878300288669285223e+01
7.787540414678285394e+00
5.249507250154267446e+00
2.642885884793220619e+00
9.760141172045502245e+00
5.597372366616013117e+00
2.757777375710965373e+01
7.604216887874029496e+00
2.233391113040830334e+01
4.029771172458156414e+00
1.309499065873973755e+01
6.866990186275476304e+00
3.733571498757678686e+00
1.162129234750180018e+01
4.607464042870564214e+00
7.545899496413522201e+00
9.258682107607803857e+00
9.361717092796672191e+00
3.804456160952097932e+00
8.471096738376710178e+00
1.115499793235431802e+01
1.047375780842416226e+01
6.701563072269602017e+00
1.665282062076865799e+01
1.423554775792075766e+01
1.510006479321296347e+01
1.094074061344004001e+01
8.675474414300943238e+00
2.210974073467875911e+01
8.141451993563263656e+00
1.502857086960486477e+01
3.780019592841706633e+00
9.400239459109661411e+00
1.257601549211927505e+01
8.572711402997356345e+00
8.949410954621423997e+00
2.377173457369035603e+01
4.570352906562463069e+00
1.297214159241381104e+01
1.833736831566498537e+01
5.755421596219916225e+00
5.590686235519816805e+00
3.675993626986806984e+00
8.861823665902459624e+00
2.134108919783071201e+01
5.925524596399943889e+00
3.026841647660535095e+00
4.054120473391932045e+00
1.148393447265591938e+01
8.515467945713806941e+00
8.287601984245856812e+00
5.595139555339689430e+00
1.129922528892263855e+01
8.541755805907802923e+00
7.809958935599814467e+00
1.429520099833868585e+01
1.204845887474215615e+01
9.086610231599138388e+00
1.689781747144767365e+01
1.673933618221246888e+01
8.142980496469377272e+00
7.872240905206010275e+00
3.186150991349118655e+01
1.633670080538358960e+01
2.507707856554822001e+01
1.491313969391601724e+01
6.723919354345903265e+00
7.770293188608867752e+00
1.801140795726176336e+01
5.514717278657753852e+00
6.076640463611100884e+00
8.372147211862870364e+00
8.244064961291694971e+00
1.497585369734923155e+01
1.347216265244030353e+01
6.273722349175798740e+00
9.248128751066040820e+00
1.452600029629080503e+01
1.356791174846628678e+01
1.789379342648214521e+00
5.124033318840560014e+00
5.770077070123647012e+00
7.133874899292380611e+00
6.025810866149663880e+00
9.459896082820415941e+00
1.608985959298684776e+01
5.375772585567116124e+00
3.825651154851562374e+00
1.288268152975791381e+01
9.001985027143691198e+00
5.938588082396323742e+00
2.767418072089975034e+00
1.007803633367781160e+01
1.433795757648466918e+01
1.343979887229692949e+01
7.129510997833502728e+00
8.294360520687490634e+00
1.521964540734884075e+01
1.112427154067261093e+01
4.396825645248111591e+00
1.896930064427086648e+01
1.234072664751042048e+01
1.678704809644532148e+01
1.283292436564334515e+01
5.113695746804333808e+00
9.688082594820794924e+00
3.216558127087431718e+00
1.411493504641519969e+01
9.322706576323806615e+00
3.943129391251500859e+00
5.556580194708138798e+00
4.273846538829969788e+00
2.382586223131427872e+01
6.396527809550983434e+00
4.208269707232020984e+00
1.019681057236275024e+01
8.858657612974589313e+00
4.559617714625995966e+00
8.621872560927792861e+00
1.183197782800073306e+01
1.756655024758764227e+01
1.519900146428404142e+01
1.683183992673885498e+01
